#doc source topic proportion ...
0 null-source 6 0.6000000238418579 8 0.07999999821186066 7 0.07999999821186066 4 0.07999999821186066 9 0.03999999910593033 2 0.03999999910593033 1 0.03999999910593033 0 0.03999999910593033 5 0.0 3 0.0  
1 null-source 6 1.0 9 0.0 8 0.0 7 0.0 5 0.0 4 0.0 3 0.0 2 0.0 1 0.0 0 0.0  
2 null-source 6 0.8571428656578064 1 0.1428571492433548 9 0.0 8 0.0 7 0.0 5 0.0 4 0.0 3 0.0 2 0.0 0 0.0  
3 null-source 6 0.8571428656578064 4 0.1428571492433548 9 0.0 8 0.0 7 0.0 5 0.0 3 0.0 2 0.0 1 0.0 0 0.0  
4 null-source 6 0.75 7 0.125 5 0.125 9 0.0 8 0.0 4 0.0 3 0.0 2 0.0 1 0.0 0 0.0  
5 null-source 6 0.5714285969734192 8 0.1428571492433548 3 0.1428571492433548 1 0.1428571492433548 9 0.0 7 0.0 5 0.0 4 0.0 2 0.0 0 0.0  
6 null-source 6 0.5 7 0.25 5 0.25 9 0.0 8 0.0 4 0.0 3 0.0 2 0.0 1 0.0 0 0.0  
7 null-source 6 0.4545454680919647 0 0.27272728085517883 9 0.09090909361839294 2 0.09090909361839294 1 0.09090909361839294 8 0.0 7 0.0 5 0.0 4 0.0 3 0.0  
8 null-source 6 1.0 9 0.0 8 0.0 7 0.0 5 0.0 4 0.0 3 0.0 2 0.0 1 0.0 0 0.0  
9 null-source 6 0.7777777910232544 9 0.1111111119389534 4 0.1111111119389534 8 0.0 7 0.0 5 0.0 3 0.0 2 0.0 1 0.0 0 0.0  
10 null-source 6 0.5 4 0.5 9 0.0 8 0.0 7 0.0 5 0.0 3 0.0 2 0.0 1 0.0 0 0.0  
11 null-source 6 0.8571428656578064 1 0.1428571492433548 9 0.0 8 0.0 7 0.0 5 0.0 4 0.0 3 0.0 2 0.0 0 0.0  
12 null-source 6 0.5714285969734192 7 0.1428571492433548 4 0.1428571492433548 0 0.1428571492433548 9 0.0 8 0.0 5 0.0 3 0.0 2 0.0 1 0.0  
13 null-source 6 0.5882353186607361 9 0.11764705926179886 5 0.11764705926179886 7 0.05882352963089943 2 0.05882352963089943 0 0.05882352963089943 8 0.0 4 0.0 3 0.0 1 0.0  
14 null-source 6 0.7272727489471436 9 0.09090909361839294 5 0.09090909361839294 1 0.09090909361839294 8 0.0 7 0.0 4 0.0 3 0.0 2 0.0 0 0.0  
15 null-source 6 0.8181818127632141 5 0.09090909361839294 1 0.09090909361839294 9 0.0 8 0.0 7 0.0 4 0.0 3 0.0 2 0.0 0 0.0  
16 null-source 6 1.0 9 0.0 8 0.0 7 0.0 5 0.0 4 0.0 3 0.0 2 0.0 1 0.0 0 0.0  
17 null-source 6 0.7777777910232544 1 0.1111111119389534 4 0.0555555559694767 2 0.0555555559694767 9 0.0 8 0.0 7 0.0 5 0.0 3 0.0 0 0.0  
18 null-source 2 0.2142857164144516 9 0.1428571492433548 6 0.1428571492433548 4 0.1428571492433548 7 0.1071428582072258 0 0.1071428582072258 8 0.0357142873108387 5 0.0357142873108387 3 0.0357142873108387 1 0.0357142873108387  
19 null-source 6 1.0 9 0.0 8 0.0 7 0.0 5 0.0 4 0.0 3 0.0 2 0.0 1 0.0 0 0.0  
20 null-source 6 1.0 9 0.0 8 0.0 7 0.0 5 0.0 4 0.0 3 0.0 2 0.0 1 0.0 0 0.0  
21 null-source 6 0.8823529481887817 8 0.05882352963089943 1 0.05882352963089943 9 0.0 7 0.0 5 0.0 4 0.0 3 0.0 2 0.0 0 0.0  
22 null-source 6 0.8571428656578064 4 0.1428571492433548 9 0.0 8 0.0 7 0.0 5 0.0 3 0.0 2 0.0 1 0.0 0 0.0  
23 null-source 6 0.7272727489471436 8 0.09090909361839294 7 0.09090909361839294 2 0.09090909361839294 9 0.0 5 0.0 4 0.0 3 0.0 1 0.0 0 0.0  
24 null-source 9 0.5 6 0.5 8 0.0 7 0.0 5 0.0 4 0.0 3 0.0 2 0.0 1 0.0 0 0.0  
25 null-source 6 0.5 2 0.5 9 0.0 8 0.0 7 0.0 5 0.0 4 0.0 3 0.0 1 0.0 0 0.0  
26 null-source 6 0.7692307829856873 2 0.1538461595773697 4 0.07692307978868484 9 0.0 8 0.0 7 0.0 5 0.0 3 0.0 1 0.0 0 0.0  
27 null-source 6 0.6428571343421936 9 0.0714285746216774 8 0.0714285746216774 7 0.0714285746216774 4 0.0714285746216774 1 0.0714285746216774 5 0.0 3 0.0 2 0.0 0 0.0  
28 null-source 6 0.7777777910232544 3 0.1111111119389534 2 0.1111111119389534 9 0.0 8 0.0 7 0.0 5 0.0 4 0.0 1 0.0 0 0.0  
29 null-source 6 0.6666666865348816 9 0.3333333432674408 8 0.0 7 0.0 5 0.0 4 0.0 3 0.0 2 0.0 1 0.0 0 0.0  
30 null-source 6 0.6153846383094788 8 0.1538461595773697 0 0.1538461595773697 7 0.07692307978868484 9 0.0 5 0.0 4 0.0 3 0.0 2 0.0 1 0.0  
31 null-source 6 0.7692307829856873 3 0.07692307978868484 2 0.07692307978868484 1 0.07692307978868484 9 0.0 8 0.0 7 0.0 5 0.0 4 0.0 0 0.0  
32 null-source 6 0.3333333432674408 9 0.125 2 0.125 5 0.0833333358168602 1 0.0833333358168602 0 0.0833333358168602 8 0.0416666679084301 7 0.0416666679084301 4 0.0416666679084301 3 0.0416666679084301  
33 null-source 6 0.5 5 0.5 9 0.0 8 0.0 7 0.0 4 0.0 3 0.0 2 0.0 1 0.0 0 0.0  
34 null-source 6 0.6666666865348816 2 0.3333333432674408 9 0.0 8 0.0 7 0.0 5 0.0 4 0.0 3 0.0 1 0.0 0 0.0  
35 null-source 6 0.9230769276618958 4 0.03846153989434242 2 0.03846153989434242 9 0.0 8 0.0 7 0.0 5 0.0 3 0.0 1 0.0 0 0.0  
36 null-source 6 0.3333333432674408 2 0.3333333432674408 0 0.3333333432674408 9 0.0 8 0.0 7 0.0 5 0.0 4 0.0 3 0.0 1 0.0  
37 null-source 6 0.8235294222831726 4 0.05882352963089943 3 0.05882352963089943 1 0.05882352963089943 9 0.0 8 0.0 7 0.0 5 0.0 2 0.0 0 0.0  
38 null-source 6 1.0 9 0.0 8 0.0 7 0.0 5 0.0 4 0.0 3 0.0 2 0.0 1 0.0 0 0.0  
39 null-source 6 1.0 9 0.0 8 0.0 7 0.0 5 0.0 4 0.0 3 0.0 2 0.0 1 0.0 0 0.0  
40 null-source 6 1.0 9 0.0 8 0.0 7 0.0 5 0.0 4 0.0 3 0.0 2 0.0 1 0.0 0 0.0  
41 null-source 6 0.6666666865348816 8 0.3333333432674408 9 0.0 7 0.0 5 0.0 4 0.0 3 0.0 2 0.0 1 0.0 0 0.0  
42 null-source 6 0.6666666865348816 9 0.3333333432674408 8 0.0 7 0.0 5 0.0 4 0.0 3 0.0 2 0.0 1 0.0 0 0.0  
43 null-source 6 0.7692307829856873 8 0.07692307978868484 7 0.07692307978868484 1 0.07692307978868484 9 0.0 5 0.0 4 0.0 3 0.0 2 0.0 0 0.0  
44 null-source 6 0.75 0 0.125 5 0.0625 4 0.0625 9 0.0 8 0.0 7 0.0 3 0.0 2 0.0 1 0.0  
45 null-source 6 0.5 1 0.5 9 0.0 8 0.0 7 0.0 5 0.0 4 0.0 3 0.0 2 0.0 0 0.0  
46 null-source 6 0.800000011920929 2 0.20000000298023224 9 0.0 8 0.0 7 0.0 5 0.0 4 0.0 3 0.0 1 0.0 0 0.0  
47 null-source 6 0.6666666865348816 5 0.1111111119389534 4 0.1111111119389534 8 0.0555555559694767 7 0.0555555559694767 9 0.0 3 0.0 2 0.0 1 0.0 0 0.0  
48 null-source 6 0.5454545617103577 9 0.09090909361839294 1 0.09090909361839294 5 0.06060606241226196 4 0.06060606241226196 2 0.06060606241226196 7 0.03030303120613098 3 0.03030303120613098 0 0.03030303120613098 8 0.0  
49 null-source 6 0.7857142686843872 7 0.1428571492433548 4 0.0714285746216774 9 0.0 8 0.0 5 0.0 3 0.0 2 0.0 1 0.0 0 0.0  
50 null-source 6 0.7777777910232544 9 0.1111111119389534 8 0.1111111119389534 7 0.0 5 0.0 4 0.0 3 0.0 2 0.0 1 0.0 0 0.0  
51 null-source 4 0.5 2 0.5 9 0.0 8 0.0 7 0.0 6 0.0 5 0.0 3 0.0 1 0.0 0 0.0  
52 null-source 6 0.75 9 0.25 8 0.0 7 0.0 5 0.0 4 0.0 3 0.0 2 0.0 1 0.0 0 0.0  
53 null-source 6 0.6666666865348816 1 0.3333333432674408 9 0.0 8 0.0 7 0.0 5 0.0 4 0.0 3 0.0 2 0.0 0 0.0  
54 null-source 6 0.5 0 0.3333333432674408 5 0.1666666716337204 9 0.0 8 0.0 7 0.0 4 0.0 3 0.0 2 0.0 1 0.0  
55 null-source 6 0.5 3 0.5 9 0.0 8 0.0 7 0.0 5 0.0 4 0.0 2 0.0 1 0.0 0 0.0  
56 null-source 6 0.9230769276618958 9 0.07692307978868484 8 0.0 7 0.0 5 0.0 4 0.0 3 0.0 2 0.0 1 0.0 0 0.0  
57 null-source 6 0.6666666865348816 9 0.3333333432674408 8 0.0 7 0.0 5 0.0 4 0.0 3 0.0 2 0.0 1 0.0 0 0.0  
58 null-source 6 0.800000011920929 7 0.10000000149011612 2 0.10000000149011612 9 0.0 8 0.0 5 0.0 4 0.0 3 0.0 1 0.0 0 0.0  
59 null-source 6 1.0 9 0.0 8 0.0 7 0.0 5 0.0 4 0.0 3 0.0 2 0.0 1 0.0 0 0.0  
60 null-source 6 0.8333333134651184 8 0.0833333358168602 0 0.0833333358168602 9 0.0 7 0.0 5 0.0 4 0.0 3 0.0 2 0.0 1 0.0  
61 null-source 6 0.6428571343421936 9 0.1428571492433548 7 0.0714285746216774 1 0.0714285746216774 0 0.0714285746216774 8 0.0 5 0.0 4 0.0 3 0.0 2 0.0  
62 null-source 6 0.7647058963775635 9 0.05882352963089943 8 0.05882352963089943 3 0.05882352963089943 1 0.05882352963089943 7 0.0 5 0.0 4 0.0 2 0.0 0 0.0  
63 null-source 6 0.8888888955116272 1 0.1111111119389534 9 0.0 8 0.0 7 0.0 5 0.0 4 0.0 3 0.0 2 0.0 0 0.0  
64 null-source 6 0.875 3 0.0625 0 0.0625 9 0.0 8 0.0 7 0.0 5 0.0 4 0.0 2 0.0 1 0.0  
65 null-source 6 0.875 0 0.125 9 0.0 8 0.0 7 0.0 5 0.0 4 0.0 3 0.0 2 0.0 1 0.0  
66 null-source 6 0.692307710647583 8 0.1538461595773697 9 0.07692307978868484 2 0.07692307978868484 7 0.0 5 0.0 4 0.0 3 0.0 1 0.0 0 0.0  
67 null-source 6 0.7037037014961243 4 0.07407407462596893 2 0.07407407462596893 8 0.03703703731298447 7 0.03703703731298447 3 0.03703703731298447 1 0.03703703731298447 9 0.0 5 0.0 0 0.0  
68 null-source 6 0.8571428656578064 2 0.0476190485060215 1 0.0476190485060215 0 0.0476190485060215 9 0.0 8 0.0 7 0.0 5 0.0 4 0.0 3 0.0  
69 null-source 6 1.0 9 0.0 8 0.0 7 0.0 5 0.0 4 0.0 3 0.0 2 0.0 1 0.0 0 0.0  
70 null-source 6 0.7272727489471436 5 0.09090909361839294 3 0.09090909361839294 0 0.09090909361839294 9 0.0 8 0.0 7 0.0 4 0.0 2 0.0 1 0.0  
71 null-source 6 0.7777777910232544 9 0.2222222238779068 8 0.0 7 0.0 5 0.0 4 0.0 3 0.0 2 0.0 1 0.0 0 0.0  
72 null-source 6 0.5882353186607361 1 0.1764705926179886 4 0.11764705926179886 8 0.05882352963089943 5 0.05882352963089943 9 0.0 7 0.0 3 0.0 2 0.0 0 0.0  
73 null-source 6 0.7058823704719543 4 0.11764705926179886 9 0.05882352963089943 7 0.05882352963089943 3 0.05882352963089943 8 0.0 5 0.0 2 0.0 1 0.0 0 0.0  
74 null-source 6 0.7222222089767456 0 0.1111111119389534 7 0.0555555559694767 2 0.0555555559694767 1 0.0555555559694767 9 0.0 8 0.0 5 0.0 4 0.0 3 0.0  
75 null-source 6 0.699999988079071 5 0.10000000149011612 4 0.10000000149011612 1 0.10000000149011612 9 0.0 8 0.0 7 0.0 3 0.0 2 0.0 0 0.0  
76 null-source 6 0.875 3 0.125 9 0.0 8 0.0 7 0.0 5 0.0 4 0.0 2 0.0 1 0.0 0 0.0  
77 null-source 6 0.6666666865348816 5 0.1111111119389534 2 0.1111111119389534 0 0.1111111119389534 9 0.0 8 0.0 7 0.0 4 0.0 3 0.0 1 0.0  
78 null-source 6 0.8333333134651184 2 0.1666666716337204 9 0.0 8 0.0 7 0.0 5 0.0 4 0.0 3 0.0 1 0.0 0 0.0  
79 null-source 6 0.5833333134651184 9 0.1666666716337204 8 0.1666666716337204 2 0.0833333358168602 7 0.0 5 0.0 4 0.0 3 0.0 1 0.0 0 0.0  
80 null-source 6 0.5 8 0.15000000596046448 5 0.15000000596046448 2 0.10000000149011612 7 0.05000000074505806 3 0.05000000074505806 9 0.0 4 0.0 1 0.0 0 0.0  
81 null-source 6 0.625 8 0.125 0 0.125 5 0.0625 3 0.0625 9 0.0 7 0.0 4 0.0 2 0.0 1 0.0  
82 null-source 6 0.6315789222717285 7 0.10526315867900848 9 0.05263157933950424 5 0.05263157933950424 4 0.05263157933950424 2 0.05263157933950424 0 0.05263157933950424 8 0.0 3 0.0 1 0.0  
83 null-source 6 0.529411792755127 9 0.11764705926179886 8 0.11764705926179886 7 0.05882352963089943 5 0.05882352963089943 2 0.05882352963089943 0 0.05882352963089943 4 0.0 3 0.0 1 0.0  
84 null-source 6 0.3333333432674408 3 0.2222222238779068 7 0.1111111119389534 2 0.1111111119389534 1 0.1111111119389534 0 0.1111111119389534 9 0.0 8 0.0 5 0.0 4 0.0  
85 null-source 6 0.7142857313156128 5 0.095238097012043 2 0.095238097012043 8 0.0476190485060215 0 0.0476190485060215 9 0.0 7 0.0 4 0.0 3 0.0 1 0.0  
86 null-source 9 0.5 7 0.5 8 0.0 6 0.0 5 0.0 4 0.0 3 0.0 2 0.0 1 0.0 0 0.0  
87 null-source 6 0.4545454680919647 3 0.1515151560306549 0 0.09090909361839294 9 0.06060606241226196 7 0.06060606241226196 5 0.06060606241226196 2 0.06060606241226196 4 0.03030303120613098 1 0.03030303120613098 8 0.0  
88 null-source 6 0.800000011920929 9 0.05000000074505806 5 0.05000000074505806 4 0.05000000074505806 0 0.05000000074505806 8 0.0 7 0.0 3 0.0 2 0.0 1 0.0  
89 null-source 6 0.800000011920929 3 0.20000000298023224 9 0.0 8 0.0 7 0.0 5 0.0 4 0.0 2 0.0 1 0.0 0 0.0  
90 null-source 6 1.0 9 0.0 8 0.0 7 0.0 5 0.0 4 0.0 3 0.0 2 0.0 1 0.0 0 0.0  
91 null-source 6 0.75 3 0.25 9 0.0 8 0.0 7 0.0 5 0.0 4 0.0 2 0.0 1 0.0 0 0.0  
92 null-source 6 0.7419354915618896 5 0.06451612710952759 1 0.06451612710952759 9 0.032258063554763794 8 0.032258063554763794 4 0.032258063554763794 2 0.032258063554763794 7 0.0 3 0.0 0 0.0  
93 null-source 6 0.4444444477558136 3 0.1111111119389534 7 0.07407407462596893 4 0.07407407462596893 2 0.07407407462596893 1 0.07407407462596893 0 0.07407407462596893 9 0.03703703731298447 8 0.03703703731298447 5 0.0  
94 null-source 6 0.6875 7 0.0625 5 0.0625 4 0.0625 3 0.0625 1 0.0625 9 0.0 8 0.0 2 0.0 0 0.0  
95 null-source 7 0.3333333432674408 6 0.3333333432674408 2 0.3333333432674408 9 0.0 8 0.0 5 0.0 4 0.0 3 0.0 1 0.0 0 0.0  
96 null-source 6 0.6363636255264282 2 0.1818181872367859 8 0.09090909361839294 1 0.09090909361839294 9 0.0 7 0.0 5 0.0 4 0.0 3 0.0 0 0.0  
97 null-source 6 0.75 2 0.15000000596046448 9 0.05000000074505806 1 0.05000000074505806 8 0.0 7 0.0 5 0.0 4 0.0 3 0.0 0 0.0  
98 null-source 8 0.5 5 0.5 9 0.0 7 0.0 6 0.0 4 0.0 3 0.0 2 0.0 1 0.0 0 0.0  
99 null-source 6 0.7692307829856873 7 0.07692307978868484 3 0.07692307978868484 1 0.07692307978868484 9 0.0 8 0.0 5 0.0 4 0.0 2 0.0 0 0.0  
100 null-source 6 0.5714285969734192 1 0.1428571492433548 9 0.0714285746216774 8 0.0714285746216774 4 0.0714285746216774 3 0.0714285746216774 7 0.0 5 0.0 2 0.0 0 0.0  
101 null-source 6 0.9166666865348816 4 0.0833333358168602 9 0.0 8 0.0 7 0.0 5 0.0 3 0.0 2 0.0 1 0.0 0 0.0  
102 null-source 6 0.8181818127632141 4 0.09090909361839294 3 0.09090909361839294 9 0.0 8 0.0 7 0.0 5 0.0 2 0.0 1 0.0 0 0.0  
103 null-source 6 0.7333333492279053 4 0.13333334028720856 1 0.06666667014360428 0 0.06666667014360428 9 0.0 8 0.0 7 0.0 5 0.0 3 0.0 2 0.0  
104 null-source 6 1.0 9 0.0 8 0.0 7 0.0 5 0.0 4 0.0 3 0.0 2 0.0 1 0.0 0 0.0  
105 null-source 6 0.761904776096344 0 0.095238097012043 9 0.0476190485060215 4 0.0476190485060215 1 0.0476190485060215 8 0.0 7 0.0 5 0.0 3 0.0 2 0.0  
106 null-source 6 0.8666666746139526 1 0.13333334028720856 9 0.0 8 0.0 7 0.0 5 0.0 4 0.0 3 0.0 2 0.0 0 0.0  
107 null-source 6 1.0 9 0.0 8 0.0 7 0.0 5 0.0 4 0.0 3 0.0 2 0.0 1 0.0 0 0.0  
108 null-source 6 0.699999988079071 8 0.10000000149011612 3 0.10000000149011612 1 0.10000000149011612 9 0.0 7 0.0 5 0.0 4 0.0 2 0.0 0 0.0  
109 null-source 6 0.8181818127632141 2 0.09090909361839294 0 0.09090909361839294 9 0.0 8 0.0 7 0.0 5 0.0 4 0.0 3 0.0 1 0.0  
110 null-source 6 0.517241358757019 3 0.13793103396892548 0 0.1034482792019844 9 0.06896551698446274 2 0.06896551698446274 1 0.06896551698446274 4 0.03448275849223137 8 0.0 7 0.0 5 0.0  
111 null-source 6 0.8695651888847351 2 0.08695652335882187 0 0.043478261679410934 9 0.0 8 0.0 7 0.0 5 0.0 4 0.0 3 0.0 1 0.0  
112 null-source 6 0.6785714030265808 1 0.1428571492433548 5 0.0714285746216774 4 0.0714285746216774 9 0.0357142873108387 8 0.0 7 0.0 3 0.0 2 0.0 0 0.0  
113 null-source 6 0.6363636255264282 8 0.09090909361839294 7 0.04545454680919647 5 0.04545454680919647 4 0.04545454680919647 2 0.04545454680919647 1 0.04545454680919647 0 0.04545454680919647 9 0.0 3 0.0  
114 null-source 6 0.4375 4 0.1875 0 0.1875 9 0.0625 7 0.0625 2 0.0625 8 0.0 5 0.0 3 0.0 1 0.0  
115 null-source 6 1.0 9 0.0 8 0.0 7 0.0 5 0.0 4 0.0 3 0.0 2 0.0 1 0.0 0 0.0  
116 null-source 6 0.8333333134651184 3 0.1666666716337204 9 0.0 8 0.0 7 0.0 5 0.0 4 0.0 2 0.0 1 0.0 0 0.0  
117 null-source 6 1.0 9 0.0 8 0.0 7 0.0 5 0.0 4 0.0 3 0.0 2 0.0 1 0.0 0 0.0  
118 null-source 6 0.8181818127632141 5 0.1818181872367859 9 0.0 8 0.0 7 0.0 4 0.0 3 0.0 2 0.0 1 0.0 0 0.0  
119 null-source 6 0.40909090638160706 4 0.1818181872367859 9 0.09090909361839294 7 0.09090909361839294 5 0.09090909361839294 2 0.09090909361839294 8 0.04545454680919647 3 0.0 1 0.0 0 0.0  
120 null-source 6 0.7599999904632568 7 0.07999999821186066 9 0.03999999910593033 2 0.03999999910593033 1 0.03999999910593033 0 0.03999999910593033 8 0.0 5 0.0 4 0.0 3 0.0  
121 null-source 6 0.4736842215061188 9 0.15789473056793213 4 0.10526315867900848 0 0.10526315867900848 5 0.05263157933950424 3 0.05263157933950424 1 0.05263157933950424 8 0.0 7 0.0 2 0.0  
122 null-source 6 0.9166666865348816 5 0.0833333358168602 9 0.0 8 0.0 7 0.0 4 0.0 3 0.0 2 0.0 1 0.0 0 0.0  
123 null-source 6 0.9375 2 0.0625 9 0.0 8 0.0 7 0.0 5 0.0 4 0.0 3 0.0 1 0.0 0 0.0  
124 null-source 6 0.6842105388641357 9 0.05263157933950424 5 0.05263157933950424 4 0.05263157933950424 3 0.05263157933950424 2 0.05263157933950424 0 0.05263157933950424 8 0.0 7 0.0 1 0.0  
125 null-source 6 0.6086956262588501 1 0.1304347813129425 9 0.08695652335882187 8 0.043478261679410934 7 0.043478261679410934 5 0.043478261679410934 4 0.043478261679410934 3 0.0 2 0.0 0 0.0  
126 null-source 6 0.6000000238418579 3 0.4000000059604645 9 0.0 8 0.0 7 0.0 5 0.0 4 0.0 2 0.0 1 0.0 0 0.0  
127 null-source 6 1.0 9 0.0 8 0.0 7 0.0 5 0.0 4 0.0 3 0.0 2 0.0 1 0.0 0 0.0  
128 null-source 6 0.8125 2 0.1875 9 0.0 8 0.0 7 0.0 5 0.0 4 0.0 3 0.0 1 0.0 0 0.0  
129 null-source 6 0.8571428656578064 3 0.1428571492433548 9 0.0 8 0.0 7 0.0 5 0.0 4 0.0 2 0.0 1 0.0 0 0.0  
130 null-source 6 0.7407407164573669 9 0.14814814925193787 4 0.07407407462596893 0 0.03703703731298447 8 0.0 7 0.0 5 0.0 3 0.0 2 0.0 1 0.0  
131 null-source 6 0.7333333492279053 5 0.2666666805744171 9 0.0 8 0.0 7 0.0 4 0.0 3 0.0 2 0.0 1 0.0 0 0.0  
132 null-source 6 0.8421052694320679 0 0.10526315867900848 2 0.05263157933950424 9 0.0 8 0.0 7 0.0 5 0.0 4 0.0 3 0.0 1 0.0  
133 null-source 6 0.8125 7 0.0625 4 0.0625 3 0.0625 9 0.0 8 0.0 5 0.0 2 0.0 1 0.0 0 0.0  
134 null-source 6 0.8260869383811951 5 0.043478261679410934 4 0.043478261679410934 3 0.043478261679410934 1 0.043478261679410934 9 0.0 8 0.0 7 0.0 2 0.0 0 0.0  
135 null-source 6 0.8636363744735718 2 0.04545454680919647 8 0.022727273404598236 5 0.022727273404598236 1 0.022727273404598236 0 0.022727273404598236 9 0.0 7 0.0 4 0.0 3 0.0  
136 null-source 6 0.699999988079071 1 0.06666667014360428 9 0.03333333507180214 8 0.03333333507180214 7 0.03333333507180214 5 0.03333333507180214 4 0.03333333507180214 2 0.03333333507180214 0 0.03333333507180214 3 0.0  
137 null-source 6 0.7058823704719543 9 0.11764705926179886 5 0.05882352963089943 2 0.05882352963089943 0 0.05882352963089943 8 0.0 7 0.0 4 0.0 3 0.0 1 0.0  
138 null-source 6 0.875 9 0.125 8 0.0 7 0.0 5 0.0 4 0.0 3 0.0 2 0.0 1 0.0 0 0.0  
139 null-source 6 0.8333333134651184 8 0.0833333358168602 5 0.0833333358168602 9 0.0 7 0.0 4 0.0 3 0.0 2 0.0 1 0.0 0 0.0  
140 null-source 6 1.0 9 0.0 8 0.0 7 0.0 5 0.0 4 0.0 3 0.0 2 0.0 1 0.0 0 0.0  
141 null-source 6 0.5 1 0.5 9 0.0 8 0.0 7 0.0 5 0.0 4 0.0 3 0.0 2 0.0 0 0.0  
142 null-source 6 0.7142857313156128 4 0.1428571492433548 0 0.1428571492433548 9 0.0 8 0.0 7 0.0 5 0.0 3 0.0 2 0.0 1 0.0  
143 null-source 6 0.800000011920929 9 0.10000000149011612 1 0.10000000149011612 8 0.0 7 0.0 5 0.0 4 0.0 3 0.0 2 0.0 0 0.0  
144 null-source 6 0.6666666865348816 5 0.06666667014360428 3 0.06666667014360428 2 0.06666667014360428 1 0.06666667014360428 0 0.06666667014360428 9 0.0 8 0.0 7 0.0 4 0.0  
145 null-source 6 0.75 8 0.1666666716337204 1 0.0833333358168602 9 0.0 7 0.0 5 0.0 4 0.0 3 0.0 2 0.0 0 0.0  
146 null-source 6 0.7200000286102295 0 0.23999999463558197 5 0.03999999910593033 9 0.0 8 0.0 7 0.0 4 0.0 3 0.0 2 0.0 1 0.0  
147 null-source 6 0.6666666865348816 8 0.1666666716337204 0 0.1666666716337204 9 0.0 7 0.0 5 0.0 4 0.0 3 0.0 2 0.0 1 0.0  
148 null-source 6 0.5961538553237915 9 0.09615384787321091 5 0.07692307978868484 3 0.057692307978868484 1 0.057692307978868484 7 0.03846153989434242 4 0.03846153989434242 8 0.01923076994717121 2 0.01923076994717121 0 0.0  
149 null-source 6 0.5 2 0.5 9 0.0 8 0.0 7 0.0 5 0.0 4 0.0 3 0.0 1 0.0 0 0.0  
150 null-source 6 0.8333333134651184 4 0.0833333358168602 2 0.0833333358168602 9 0.0 8 0.0 7 0.0 5 0.0 3 0.0 1 0.0 0 0.0  
151 null-source 6 0.8461538553237915 4 0.07692307978868484 3 0.07692307978868484 9 0.0 8 0.0 7 0.0 5 0.0 2 0.0 1 0.0 0 0.0  
152 null-source 6 0.7083333134651184 0 0.0833333358168602 9 0.0416666679084301 5 0.0416666679084301 4 0.0416666679084301 3 0.0416666679084301 2 0.0416666679084301 8 0.0 7 0.0 1 0.0  
153 null-source 6 1.0 9 0.0 8 0.0 7 0.0 5 0.0 4 0.0 3 0.0 2 0.0 1 0.0 0 0.0  
154 null-source 8 0.5 1 0.5 9 0.0 7 0.0 6 0.0 5 0.0 4 0.0 3 0.0 2 0.0 0 0.0  
155 null-source 1 1.0 9 0.0 8 0.0 7 0.0 6 0.0 5 0.0 4 0.0 3 0.0 2 0.0 0 0.0  
156 null-source 6 0.6666666865348816 4 0.1111111119389534 3 0.1111111119389534 1 0.1111111119389534 9 0.0 8 0.0 7 0.0 5 0.0 2 0.0 0 0.0  
157 null-source 6 0.6666666865348816 1 0.3333333432674408 9 0.0 8 0.0 7 0.0 5 0.0 4 0.0 3 0.0 2 0.0 0 0.0  
158 null-source 6 0.7058823704719543 5 0.11764705926179886 1 0.11764705926179886 4 0.05882352963089943 9 0.0 8 0.0 7 0.0 3 0.0 2 0.0 0 0.0  
159 null-source 6 0.6666666865348816 2 0.3333333432674408 9 0.0 8 0.0 7 0.0 5 0.0 4 0.0 3 0.0 1 0.0 0 0.0  
160 null-source 6 0.4545454680919647 3 0.12121212482452393 0 0.12121212482452393 5 0.09090909361839294 4 0.09090909361839294 1 0.06060606241226196 9 0.03030303120613098 8 0.03030303120613098 7 0.0 2 0.0  
161 null-source 6 0.6363636255264282 4 0.1818181872367859 3 0.09090909361839294 1 0.09090909361839294 9 0.0 8 0.0 7 0.0 5 0.0 2 0.0 0 0.0  
162 null-source 6 0.5 9 0.20000000298023224 8 0.10000000149011612 7 0.10000000149011612 3 0.10000000149011612 5 0.0 4 0.0 2 0.0 1 0.0 0 0.0  
163 null-source 6 0.75 4 0.25 9 0.0 8 0.0 7 0.0 5 0.0 3 0.0 2 0.0 1 0.0 0 0.0  
164 null-source 6 0.8421052694320679 8 0.05263157933950424 7 0.05263157933950424 5 0.05263157933950424 9 0.0 4 0.0 3 0.0 2 0.0 1 0.0 0 0.0  
165 null-source 6 1.0 9 0.0 8 0.0 7 0.0 5 0.0 4 0.0 3 0.0 2 0.0 1 0.0 0 0.0  
166 null-source 6 1.0 9 0.0 8 0.0 7 0.0 5 0.0 4 0.0 3 0.0 2 0.0 1 0.0 0 0.0  
167 null-source 6 0.6470588445663452 3 0.11764705926179886 8 0.05882352963089943 4 0.05882352963089943 2 0.05882352963089943 0 0.05882352963089943 9 0.0 7 0.0 5 0.0 1 0.0  
168 null-source 6 0.7777777910232544 7 0.1111111119389534 3 0.1111111119389534 9 0.0 8 0.0 5 0.0 4 0.0 2 0.0 1 0.0 0 0.0  
169 null-source 6 0.8666666746139526 8 0.06666667014360428 4 0.06666667014360428 9 0.0 7 0.0 5 0.0 3 0.0 2 0.0 1 0.0 0 0.0  
170 null-source 6 0.7333333492279053 8 0.06666667014360428 5 0.06666667014360428 4 0.06666667014360428 1 0.06666667014360428 9 0.0 7 0.0 3 0.0 2 0.0 0 0.0  
171 null-source 6 0.75 4 0.0833333358168602 3 0.0833333358168602 2 0.0833333358168602 9 0.0 8 0.0 7 0.0 5 0.0 1 0.0 0 0.0  
172 null-source 9 0.5 1 0.5 8 0.0 7 0.0 6 0.0 5 0.0 4 0.0 3 0.0 2 0.0 0 0.0  
173 null-source 6 0.800000011920929 3 0.10000000149011612 2 0.10000000149011612 9 0.0 8 0.0 7 0.0 5 0.0 4 0.0 1 0.0 0 0.0  
174 null-source 6 0.6428571343421936 5 0.1071428582072258 0 0.0714285746216774 8 0.0357142873108387 7 0.0357142873108387 3 0.0357142873108387 2 0.0357142873108387 1 0.0357142873108387 9 0.0 4 0.0  
175 null-source 6 0.6428571343421936 7 0.1071428582072258 5 0.0714285746216774 0 0.0714285746216774 9 0.0357142873108387 4 0.0357142873108387 1 0.0357142873108387 8 0.0 3 0.0 2 0.0  
176 null-source 6 0.5 4 0.125 2 0.125 9 0.0625 8 0.0625 5 0.0625 3 0.0625 7 0.0 1 0.0 0 0.0  
177 null-source 6 0.7307692170143127 5 0.11538461595773697 1 0.07692307978868484 4 0.03846153989434242 2 0.03846153989434242 9 0.0 8 0.0 7 0.0 3 0.0 0 0.0  
178 null-source 6 1.0 9 0.0 8 0.0 7 0.0 5 0.0 4 0.0 3 0.0 2 0.0 1 0.0 0 0.0  
179 null-source 6 0.6842105388641357 9 0.15789473056793213 8 0.05263157933950424 4 0.05263157933950424 0 0.05263157933950424 7 0.0 5 0.0 3 0.0 2 0.0 1 0.0  
180 null-source 6 0.6363636255264282 8 0.1818181872367859 9 0.04545454680919647 7 0.04545454680919647 4 0.04545454680919647 2 0.04545454680919647 5 0.0 3 0.0 1 0.0 0 0.0  
181 null-source 6 0.800000011920929 1 0.07999999821186066 7 0.03999999910593033 2 0.03999999910593033 0 0.03999999910593033 9 0.0 8 0.0 5 0.0 4 0.0 3 0.0  
182 null-source 6 0.9166666865348816 4 0.0416666679084301 0 0.0416666679084301 9 0.0 8 0.0 7 0.0 5 0.0 3 0.0 2 0.0 1 0.0  
183 null-source 6 0.8333333134651184 8 0.03333333507180214 3 0.03333333507180214 2 0.03333333507180214 1 0.03333333507180214 0 0.03333333507180214 9 0.0 7 0.0 5 0.0 4 0.0  
184 null-source 6 0.8571428656578064 9 0.0714285746216774 1 0.0714285746216774 8 0.0 7 0.0 5 0.0 4 0.0 3 0.0 2 0.0 0 0.0  
185 null-source 6 0.6666666865348816 9 0.1111111119389534 5 0.1111111119389534 4 0.1111111119389534 8 0.0 7 0.0 3 0.0 2 0.0 1 0.0 0 0.0  
186 null-source 6 0.6842105388641357 9 0.10526315867900848 8 0.05263157933950424 5 0.05263157933950424 3 0.05263157933950424 2 0.05263157933950424 7 0.0 4 0.0 1 0.0 0 0.0  
187 null-source 6 0.8181818127632141 5 0.09090909361839294 3 0.09090909361839294 9 0.0 8 0.0 7 0.0 4 0.0 2 0.0 1 0.0 0 0.0  
188 null-source 6 0.8333333134651184 4 0.1666666716337204 9 0.0 8 0.0 7 0.0 5 0.0 3 0.0 2 0.0 1 0.0 0 0.0  
189 null-source 6 0.692307710647583 5 0.10256410390138626 8 0.05128205195069313 3 0.05128205195069313 2 0.05128205195069313 9 0.025641025975346565 0 0.025641025975346565 7 0.0 4 0.0 1 0.0  
190 null-source 6 0.8333333134651184 7 0.0833333358168602 1 0.0833333358168602 9 0.0 8 0.0 5 0.0 4 0.0 3 0.0 2 0.0 0 0.0  
191 null-source 6 0.6666666865348816 9 0.1111111119389534 4 0.1111111119389534 2 0.1111111119389534 8 0.0 7 0.0 5 0.0 3 0.0 1 0.0 0 0.0  
192 null-source 6 0.6111111044883728 4 0.0833333358168602 7 0.0555555559694767 5 0.0555555559694767 3 0.0555555559694767 0 0.0555555559694767 9 0.02777777798473835 2 0.02777777798473835 1 0.02777777798473835 8 0.0  
193 null-source 6 0.7142857313156128 8 0.095238097012043 5 0.0476190485060215 4 0.0476190485060215 1 0.0476190485060215 0 0.0476190485060215 9 0.0 7 0.0 3 0.0 2 0.0  
194 null-source 6 0.5 7 0.20000000298023224 3 0.10000000149011612 2 0.10000000149011612 1 0.10000000149011612 9 0.0 8 0.0 5 0.0 4 0.0 0 0.0  
195 null-source 6 0.5 4 0.5 9 0.0 8 0.0 7 0.0 5 0.0 3 0.0 2 0.0 1 0.0 0 0.0  
196 null-source 6 0.6666666865348816 9 0.0833333358168602 7 0.0833333358168602 3 0.0833333358168602 0 0.0833333358168602 8 0.0 5 0.0 4 0.0 2 0.0 1 0.0  
197 null-source 6 0.5714285969734192 8 0.1428571492433548 7 0.1428571492433548 5 0.1428571492433548 9 0.0 4 0.0 3 0.0 2 0.0 1 0.0 0 0.0  
198 null-source 6 0.8333333134651184 5 0.1666666716337204 9 0.0 8 0.0 7 0.0 4 0.0 3 0.0 2 0.0 1 0.0 0 0.0  
199 null-source 6 0.5882353186607361 9 0.1764705926179886 0 0.11764705926179886 3 0.05882352963089943 1 0.05882352963089943 8 0.0 7 0.0 5 0.0 4 0.0 2 0.0  
200 null-source 6 0.9285714030265808 8 0.0714285746216774 9 0.0 7 0.0 5 0.0 4 0.0 3 0.0 2 0.0 1 0.0 0 0.0  
201 null-source 6 0.5813953280448914 1 0.09302325546741486 8 0.06976744532585144 7 0.06976744532585144 9 0.04651162773370743 4 0.04651162773370743 3 0.04651162773370743 2 0.023255813866853714 0 0.023255813866853714 5 0.0  
202 null-source 9 0.5 6 0.5 8 0.0 7 0.0 5 0.0 4 0.0 3 0.0 2 0.0 1 0.0 0 0.0  
203 null-source 6 0.7058823704719543 1 0.11764705926179886 8 0.05882352963089943 2 0.05882352963089943 0 0.05882352963089943 9 0.0 7 0.0 5 0.0 4 0.0 3 0.0  
204 null-source 6 0.8947368264198303 2 0.10526315867900848 9 0.0 8 0.0 7 0.0 5 0.0 4 0.0 3 0.0 1 0.0 0 0.0  
205 null-source 6 0.6666666865348816 8 0.06060606241226196 5 0.06060606241226196 3 0.06060606241226196 1 0.06060606241226196 9 0.03030303120613098 7 0.03030303120613098 0 0.03030303120613098 4 0.0 2 0.0  
206 null-source 6 1.0 9 0.0 8 0.0 7 0.0 5 0.0 4 0.0 3 0.0 2 0.0 1 0.0 0 0.0  
207 null-source 6 0.8333333134651184 4 0.0833333358168602 2 0.0833333358168602 9 0.0 8 0.0 7 0.0 5 0.0 3 0.0 1 0.0 0 0.0  
208 null-source 6 0.7777777910232544 4 0.1111111119389534 3 0.1111111119389534 9 0.0 8 0.0 7 0.0 5 0.0 2 0.0 1 0.0 0 0.0  
209 null-source 6 1.0 9 0.0 8 0.0 7 0.0 5 0.0 4 0.0 3 0.0 2 0.0 1 0.0 0 0.0  
210 null-source 6 0.8999999761581421 4 0.10000000149011612 9 0.0 8 0.0 7 0.0 5 0.0 3 0.0 2 0.0 1 0.0 0 0.0  
211 null-source 6 0.761904776096344 4 0.095238097012043 7 0.0476190485060215 5 0.0476190485060215 1 0.0476190485060215 9 0.0 8 0.0 3 0.0 2 0.0 0 0.0  
212 null-source 6 0.6666666865348816 9 0.06666667014360428 5 0.06666667014360428 4 0.06666667014360428 3 0.06666667014360428 2 0.06666667014360428 8 0.0 7 0.0 1 0.0 0 0.0  
213 null-source 6 0.7297297120094299 5 0.0810810774564743 3 0.054054055362939835 9 0.027027027681469917 7 0.027027027681469917 4 0.027027027681469917 1 0.027027027681469917 0 0.027027027681469917 8 0.0 2 0.0  
214 null-source 6 0.7058823704719543 5 0.11764705926179886 9 0.05882352963089943 8 0.05882352963089943 4 0.05882352963089943 7 0.0 3 0.0 2 0.0 1 0.0 0 0.0  
215 null-source 6 0.800000011920929 3 0.20000000298023224 9 0.0 8 0.0 7 0.0 5 0.0 4 0.0 2 0.0 1 0.0 0 0.0  
216 null-source 6 0.7368420958518982 1 0.15789473056793213 3 0.05263157933950424 2 0.05263157933950424 9 0.0 8 0.0 7 0.0 5 0.0 4 0.0 0 0.0  
217 null-source 6 1.0 9 0.0 8 0.0 7 0.0 5 0.0 4 0.0 3 0.0 2 0.0 1 0.0 0 0.0  
218 null-source 6 0.6875 4 0.125 9 0.0625 8 0.03125 3 0.03125 2 0.03125 0 0.03125 7 0.0 5 0.0 1 0.0  
219 null-source 9 0.3333333432674408 6 0.3333333432674408 2 0.3333333432674408 8 0.0 7 0.0 5 0.0 4 0.0 3 0.0 1 0.0 0 0.0  
220 null-source 6 0.7307692170143127 1 0.07692307978868484 9 0.03846153989434242 7 0.03846153989434242 5 0.03846153989434242 4 0.03846153989434242 0 0.03846153989434242 8 0.0 3 0.0 2 0.0  
221 null-source 6 0.8999999761581421 9 0.05000000074505806 3 0.05000000074505806 8 0.0 7 0.0 5 0.0 4 0.0 2 0.0 1 0.0 0 0.0  
222 null-source 6 0.5769230723381042 1 0.11538461595773697 0 0.11538461595773697 5 0.07692307978868484 8 0.03846153989434242 4 0.03846153989434242 3 0.03846153989434242 9 0.0 7 0.0 2 0.0  
223 null-source 6 0.7777777910232544 4 0.1111111119389534 1 0.1111111119389534 9 0.0 8 0.0 7 0.0 5 0.0 3 0.0 2 0.0 0 0.0  
224 null-source 6 1.0 9 0.0 8 0.0 7 0.0 5 0.0 4 0.0 3 0.0 2 0.0 1 0.0 0 0.0  
225 null-source 6 0.5 1 0.5 9 0.0 8 0.0 7 0.0 5 0.0 4 0.0 3 0.0 2 0.0 0 0.0  
226 null-source 6 0.5 5 0.5 9 0.0 8 0.0 7 0.0 4 0.0 3 0.0 2 0.0 1 0.0 0 0.0  
227 null-source 6 0.6000000238418579 9 0.20000000298023224 7 0.20000000298023224 8 0.0 5 0.0 4 0.0 3 0.0 2 0.0 1 0.0 0 0.0  
228 null-source 6 0.6666666865348816 4 0.3333333432674408 9 0.0 8 0.0 7 0.0 5 0.0 3 0.0 2 0.0 1 0.0 0 0.0  
229 null-source 6 0.800000011920929 0 0.20000000298023224 9 0.0 8 0.0 7 0.0 5 0.0 4 0.0 3 0.0 2 0.0 1 0.0  
230 null-source 7 0.5 4 0.5 9 0.0 8 0.0 6 0.0 5 0.0 3 0.0 2 0.0 1 0.0 0 0.0  
231 null-source 6 0.6666666865348816 3 0.12121212482452393 0 0.09090909361839294 9 0.03030303120613098 8 0.03030303120613098 7 0.03030303120613098 2 0.03030303120613098 5 0.0 4 0.0 1 0.0  
232 null-source 6 0.5882353186607361 2 0.11764705926179886 9 0.05882352963089943 8 0.05882352963089943 7 0.05882352963089943 4 0.05882352963089943 1 0.05882352963089943 5 0.0 3 0.0 0 0.0  
233 null-source 6 0.8823529481887817 9 0.05882352963089943 1 0.05882352963089943 8 0.0 7 0.0 5 0.0 4 0.0 3 0.0 2 0.0 0 0.0  
234 null-source 6 0.5454545617103577 4 0.1818181872367859 2 0.1818181872367859 5 0.09090909361839294 9 0.0 8 0.0 7 0.0 3 0.0 1 0.0 0 0.0  
235 null-source 6 0.8636363744735718 0 0.09090909361839294 1 0.04545454680919647 9 0.0 8 0.0 7 0.0 5 0.0 4 0.0 3 0.0 2 0.0  
236 null-source 6 0.8823529481887817 7 0.05882352963089943 2 0.05882352963089943 9 0.0 8 0.0 5 0.0 4 0.0 3 0.0 1 0.0 0 0.0  
237 null-source 6 0.8333333134651184 8 0.1666666716337204 9 0.0 7 0.0 5 0.0 4 0.0 3 0.0 2 0.0 1 0.0 0 0.0  
238 null-source 6 0.8666666746139526 8 0.06666667014360428 2 0.06666667014360428 9 0.0 7 0.0 5 0.0 4 0.0 3 0.0 1 0.0 0 0.0  
239 null-source 6 0.699999988079071 9 0.10000000149011612 2 0.10000000149011612 0 0.10000000149011612 8 0.0 7 0.0 5 0.0 4 0.0 3 0.0 1 0.0  
240 null-source 6 0.6363636255264282 9 0.09090909361839294 5 0.09090909361839294 0 0.09090909361839294 2 0.04545454680919647 1 0.04545454680919647 8 0.0 7 0.0 4 0.0 3 0.0  
241 null-source 6 0.5 9 0.25 8 0.125 5 0.0625 2 0.0625 7 0.0 4 0.0 3 0.0 1 0.0 0 0.0  
242 null-source 6 0.8500000238418579 8 0.05000000074505806 4 0.05000000074505806 1 0.05000000074505806 9 0.0 7 0.0 5 0.0 3 0.0 2 0.0 0 0.0  
243 null-source 6 1.0 9 0.0 8 0.0 7 0.0 5 0.0 4 0.0 3 0.0 2 0.0 1 0.0 0 0.0  
244 null-source 8 0.6666666865348816 6 0.3333333432674408 9 0.0 7 0.0 5 0.0 4 0.0 3 0.0 2 0.0 1 0.0 0 0.0  
245 null-source 6 0.8571428656578064 9 0.0476190485060215 5 0.0476190485060215 2 0.0476190485060215 8 0.0 7 0.0 4 0.0 3 0.0 1 0.0 0 0.0  
246 null-source 6 0.8999999761581421 8 0.10000000149011612 9 0.0 7 0.0 5 0.0 4 0.0 3 0.0 2 0.0 1 0.0 0 0.0  
247 null-source 9 0.5 6 0.5 8 0.0 7 0.0 5 0.0 4 0.0 3 0.0 2 0.0 1 0.0 0 0.0  
248 null-source 6 0.7222222089767456 1 0.1111111119389534 8 0.0555555559694767 7 0.0555555559694767 5 0.0555555559694767 9 0.0 4 0.0 3 0.0 2 0.0 0 0.0  
249 null-source 6 0.9333333373069763 2 0.06666667014360428 9 0.0 8 0.0 7 0.0 5 0.0 4 0.0 3 0.0 1 0.0 0 0.0  
250 null-source 6 0.5625 8 0.125 4 0.125 9 0.0625 5 0.0625 3 0.0625 7 0.0 2 0.0 1 0.0 0 0.0  
251 null-source 6 0.7857142686843872 9 0.0714285746216774 5 0.0714285746216774 0 0.0714285746216774 8 0.0 7 0.0 4 0.0 3 0.0 2 0.0 1 0.0  
252 null-source 6 0.8571428656578064 5 0.0476190485060215 4 0.0476190485060215 0 0.0476190485060215 9 0.0 8 0.0 7 0.0 3 0.0 2 0.0 1 0.0  
253 null-source 6 0.7857142686843872 9 0.0714285746216774 7 0.0714285746216774 3 0.0714285746216774 8 0.0 5 0.0 4 0.0 2 0.0 1 0.0 0 0.0  
254 null-source 6 0.7727272510528564 8 0.09090909361839294 9 0.04545454680919647 3 0.04545454680919647 0 0.04545454680919647 7 0.0 5 0.0 4 0.0 2 0.0 1 0.0  
255 null-source 6 0.8125 9 0.0625 8 0.0625 4 0.0625 7 0.0 5 0.0 3 0.0 2 0.0 1 0.0 0 0.0  
256 null-source 6 0.8461538553237915 8 0.07692307978868484 2 0.07692307978868484 9 0.0 7 0.0 5 0.0 4 0.0 3 0.0 1 0.0 0 0.0  
257 null-source 6 0.42105263471603394 8 0.15789473056793213 7 0.10526315867900848 4 0.10526315867900848 9 0.05263157933950424 3 0.05263157933950424 2 0.05263157933950424 1 0.05263157933950424 5 0.0 0 0.0  
258 null-source 6 0.6666666865348816 9 0.13333334028720856 3 0.13333334028720856 0 0.06666667014360428 8 0.0 7 0.0 5 0.0 4 0.0 2 0.0 1 0.0  
259 null-source 6 0.5714285969734192 0 0.2142857164144516 4 0.0714285746216774 3 0.0714285746216774 1 0.0714285746216774 9 0.0 8 0.0 7 0.0 5 0.0 2 0.0  
260 null-source 6 0.6216216087341309 3 0.0810810774564743 9 0.054054055362939835 4 0.054054055362939835 1 0.054054055362939835 0 0.054054055362939835 8 0.027027027681469917 5 0.027027027681469917 2 0.027027027681469917 7 0.0  
261 null-source 6 0.6666666865348816 8 0.0833333358168602 7 0.0833333358168602 2 0.0833333358168602 1 0.0833333358168602 9 0.0 5 0.0 4 0.0 3 0.0 0 0.0  
262 null-source 6 0.6666666865348816 1 0.3333333432674408 9 0.0 8 0.0 7 0.0 5 0.0 4 0.0 3 0.0 2 0.0 0 0.0  
263 null-source 6 0.6296296119689941 7 0.1111111119389534 5 0.1111111119389534 1 0.07407407462596893 3 0.03703703731298447 0 0.03703703731298447 9 0.0 8 0.0 4 0.0 2 0.0  
264 null-source 6 0.9333333373069763 8 0.06666667014360428 9 0.0 7 0.0 5 0.0 4 0.0 3 0.0 2 0.0 1 0.0 0 0.0  
265 null-source 6 0.4615384638309479 9 0.1538461595773697 4 0.1538461595773697 5 0.07692307978868484 3 0.07692307978868484 1 0.07692307978868484 8 0.0 7 0.0 2 0.0 0 0.0  
266 null-source 6 0.5 3 0.25 0 0.25 9 0.0 8 0.0 7 0.0 5 0.0 4 0.0 2 0.0 1 0.0  
267 null-source 6 0.6206896305084229 1 0.13793103396892548 4 0.1034482792019844 5 0.06896551698446274 9 0.03448275849223137 3 0.03448275849223137 8 0.0 7 0.0 2 0.0 0 0.0  
268 null-source 6 0.5 3 0.1111111119389534 4 0.0833333358168602 9 0.0555555559694767 8 0.0555555559694767 5 0.0555555559694767 2 0.0555555559694767 7 0.02777777798473835 1 0.02777777798473835 0 0.02777777798473835  
269 null-source 6 0.5714285969734192 0 0.2857142984867096 1 0.1428571492433548 9 0.0 8 0.0 7 0.0 5 0.0 4 0.0 3 0.0 2 0.0  
270 null-source 8 0.5 6 0.5 9 0.0 7 0.0 5 0.0 4 0.0 3 0.0 2 0.0 1 0.0 0 0.0  
271 null-source 6 0.47058823704719543 9 0.11764705926179886 4 0.11764705926179886 8 0.05882352963089943 7 0.05882352963089943 2 0.05882352963089943 1 0.05882352963089943 0 0.05882352963089943 5 0.0 3 0.0  
272 null-source 6 0.5789473652839661 1 0.15789473056793213 0 0.10526315867900848 9 0.05263157933950424 5 0.05263157933950424 2 0.05263157933950424 8 0.0 7 0.0 4 0.0 3 0.0  
273 null-source 6 0.6666666865348816 1 0.1111111119389534 7 0.0555555559694767 5 0.0555555559694767 4 0.0555555559694767 3 0.0555555559694767 9 0.0 8 0.0 2 0.0 0 0.0  
274 null-source 6 0.6842105388641357 0 0.15789473056793213 8 0.05263157933950424 2 0.05263157933950424 1 0.05263157933950424 9 0.0 7 0.0 5 0.0 4 0.0 3 0.0  
275 null-source 6 0.7142857313156128 9 0.0714285746216774 5 0.0714285746216774 8 0.0357142873108387 7 0.0357142873108387 3 0.0357142873108387 1 0.0357142873108387 4 0.0 2 0.0 0 0.0  
276 null-source 6 0.5555555820465088 9 0.1111111119389534 5 0.1111111119389534 4 0.1111111119389534 3 0.0555555559694767 1 0.0555555559694767 8 0.0 7 0.0 2 0.0 0 0.0  
277 null-source 6 0.6333333253860474 8 0.10000000149011612 4 0.06666667014360428 1 0.06666667014360428 9 0.03333333507180214 5 0.03333333507180214 3 0.03333333507180214 0 0.03333333507180214 7 0.0 2 0.0  
278 null-source 6 1.0 9 0.0 8 0.0 7 0.0 5 0.0 4 0.0 3 0.0 2 0.0 1 0.0 0 0.0  
279 null-source 6 0.6896551847457886 3 0.1034482792019844 0 0.1034482792019844 7 0.03448275849223137 5 0.03448275849223137 1 0.03448275849223137 9 0.0 8 0.0 4 0.0 2 0.0  
280 null-source 4 1.0 9 0.0 8 0.0 7 0.0 6 0.0 5 0.0 3 0.0 2 0.0 1 0.0 0 0.0  
281 null-source 6 0.7777777910232544 9 0.1111111119389534 1 0.1111111119389534 8 0.0 7 0.0 5 0.0 4 0.0 3 0.0 2 0.0 0 0.0  
282 null-source 6 0.692307710647583 5 0.1538461595773697 8 0.07692307978868484 2 0.07692307978868484 9 0.0 7 0.0 4 0.0 3 0.0 1 0.0 0 0.0  
283 null-source 6 0.4285714328289032 9 0.095238097012043 7 0.095238097012043 4 0.095238097012043 0 0.095238097012043 8 0.0476190485060215 5 0.0476190485060215 2 0.0476190485060215 1 0.0476190485060215 3 0.0  
284 null-source 6 0.8666666746139526 1 0.06666667014360428 0 0.06666667014360428 9 0.0 8 0.0 7 0.0 5 0.0 4 0.0 3 0.0 2 0.0  
285 null-source 6 0.625 5 0.125 4 0.125 3 0.125 9 0.0 8 0.0 7 0.0 2 0.0 1 0.0 0 0.0  
286 null-source 6 0.7222222089767456 8 0.1111111119389534 4 0.1111111119389534 9 0.0555555559694767 7 0.0 5 0.0 3 0.0 2 0.0 1 0.0 0 0.0  
287 null-source 6 0.6000000238418579 7 0.20000000298023224 4 0.20000000298023224 9 0.0 8 0.0 5 0.0 3 0.0 2 0.0 1 0.0 0 0.0  
288 null-source 6 0.692307710647583 9 0.1538461595773697 8 0.07692307978868484 3 0.07692307978868484 7 0.0 5 0.0 4 0.0 2 0.0 1 0.0 0 0.0  
289 null-source 6 0.7368420958518982 2 0.10526315867900848 8 0.05263157933950424 4 0.05263157933950424 0 0.05263157933950424 9 0.0 7 0.0 5 0.0 3 0.0 1 0.0  
290 null-source 9 0.5 6 0.5 8 0.0 7 0.0 5 0.0 4 0.0 3 0.0 2 0.0 1 0.0 0 0.0  
291 null-source 6 1.0 9 0.0 8 0.0 7 0.0 5 0.0 4 0.0 3 0.0 2 0.0 1 0.0 0 0.0  
292 null-source 6 0.800000011920929 9 0.20000000298023224 8 0.0 7 0.0 5 0.0 4 0.0 3 0.0 2 0.0 1 0.0 0 0.0  
293 null-source 6 0.9166666865348816 5 0.0833333358168602 9 0.0 8 0.0 7 0.0 4 0.0 3 0.0 2 0.0 1 0.0 0 0.0  
294 null-source 6 0.5 4 0.5 9 0.0 8 0.0 7 0.0 5 0.0 3 0.0 2 0.0 1 0.0 0 0.0  
295 null-source 6 0.6666666865348816 9 0.1111111119389534 3 0.1111111119389534 2 0.1111111119389534 8 0.0 7 0.0 5 0.0 4 0.0 1 0.0 0 0.0  
296 null-source 6 0.7142857313156128 5 0.0714285746216774 4 0.0714285746216774 2 0.0714285746216774 0 0.0714285746216774 9 0.0 8 0.0 7 0.0 3 0.0 1 0.0  
297 null-source 6 0.8333333134651184 5 0.0555555559694767 1 0.0555555559694767 0 0.0555555559694767 9 0.0 8 0.0 7 0.0 4 0.0 3 0.0 2 0.0  
298 null-source 6 0.7142857313156128 5 0.0714285746216774 3 0.0714285746216774 2 0.0714285746216774 1 0.0714285746216774 9 0.0 8 0.0 7 0.0 4 0.0 0 0.0  
299 null-source 6 0.75 9 0.25 8 0.0 7 0.0 5 0.0 4 0.0 3 0.0 2 0.0 1 0.0 0 0.0  
300 null-source 6 0.875 8 0.0625 4 0.0625 9 0.0 7 0.0 5 0.0 3 0.0 2 0.0 1 0.0 0 0.0  
301 null-source 6 0.6666666865348816 3 0.095238097012043 1 0.095238097012043 0 0.095238097012043 8 0.0476190485060215 9 0.0 7 0.0 5 0.0 4 0.0 2 0.0  
302 null-source 6 0.625 5 0.25 1 0.125 9 0.0 8 0.0 7 0.0 4 0.0 3 0.0 2 0.0 0 0.0  
303 null-source 6 0.8571428656578064 2 0.1428571492433548 9 0.0 8 0.0 7 0.0 5 0.0 4 0.0 3 0.0 1 0.0 0 0.0  
304 null-source 6 0.6315789222717285 9 0.15789473056793213 1 0.10526315867900848 8 0.05263157933950424 0 0.05263157933950424 7 0.0 5 0.0 4 0.0 3 0.0 2 0.0  
305 null-source 6 0.4444444477558136 1 0.13333334028720856 4 0.1111111119389534 7 0.08888889104127884 5 0.08888889104127884 3 0.06666667014360428 9 0.02222222276031971 2 0.02222222276031971 0 0.02222222276031971 8 0.0  
306 null-source 6 0.7142857313156128 3 0.1428571492433548 2 0.1428571492433548 9 0.0 8 0.0 7 0.0 5 0.0 4 0.0 1 0.0 0 0.0  
307 null-source 6 0.692307710647583 9 0.1538461595773697 8 0.07692307978868484 1 0.07692307978868484 7 0.0 5 0.0 4 0.0 3 0.0 2 0.0 0 0.0  
308 null-source 6 0.5833333134651184 9 0.0833333358168602 8 0.0833333358168602 7 0.0833333358168602 5 0.0833333358168602 4 0.0833333358168602 3 0.0 2 0.0 1 0.0 0 0.0  
309 null-source 6 0.78125 8 0.0625 4 0.0625 1 0.0625 2 0.03125 9 0.0 7 0.0 5 0.0 3 0.0 0 0.0  
310 null-source 6 0.6666666865348816 5 0.13333334028720856 4 0.06666667014360428 3 0.06666667014360428 2 0.06666667014360428 9 0.0 8 0.0 7 0.0 1 0.0 0 0.0  
311 null-source 6 0.800000011920929 0 0.10000000149011612 5 0.05000000074505806 4 0.05000000074505806 9 0.0 8 0.0 7 0.0 3 0.0 2 0.0 1 0.0  
312 null-source 6 1.0 9 0.0 8 0.0 7 0.0 5 0.0 4 0.0 3 0.0 2 0.0 1 0.0 0 0.0  
313 null-source 6 0.4399999976158142 5 0.1599999964237213 8 0.07999999821186066 4 0.07999999821186066 3 0.07999999821186066 9 0.03999999910593033 7 0.03999999910593033 1 0.03999999910593033 0 0.03999999910593033 2 0.0  
314 null-source 6 0.8333333134651184 3 0.1666666716337204 9 0.0 8 0.0 7 0.0 5 0.0 4 0.0 2 0.0 1 0.0 0 0.0  
315 null-source 6 0.695652186870575 9 0.08695652335882187 3 0.08695652335882187 4 0.043478261679410934 2 0.043478261679410934 1 0.043478261679410934 8 0.0 7 0.0 5 0.0 0 0.0  
316 null-source 6 0.6538461446762085 9 0.07692307978868484 3 0.07692307978868484 2 0.07692307978868484 7 0.03846153989434242 4 0.03846153989434242 1 0.03846153989434242 8 0.0 5 0.0 0 0.0  
317 null-source 6 0.6666666865348816 0 0.13333334028720856 4 0.06666667014360428 2 0.06666667014360428 1 0.06666667014360428 9 0.0 8 0.0 7 0.0 5 0.0 3 0.0  
318 null-source 6 1.0 9 0.0 8 0.0 7 0.0 5 0.0 4 0.0 3 0.0 2 0.0 1 0.0 0 0.0  
319 null-source 6 0.4736842215061188 2 0.21052631735801697 7 0.10526315867900848 4 0.10526315867900848 5 0.05263157933950424 3 0.05263157933950424 9 0.0 8 0.0 1 0.0 0 0.0  
320 null-source 3 0.5 0 0.5 9 0.0 8 0.0 7 0.0 6 0.0 5 0.0 4 0.0 2 0.0 1 0.0  
